eventID	Alestes stuhlmannii	Amphilius chalei	Amphilius crassus	Anguilla bengalensis	Anguilla bicolor	Anguilla marmorata	Anguilla mossambica	Astatotilapia gigliolii	Astatotilapia sp. 'ruaha blue'	Astatotilapia sp. 'ruaha redcheek'	Astatotilapia sp. 'rufiji blue'	Atopochilus vogti	Bagrus orientalis	Brycinus affinis	Brycinus imberi	Brycinus lateralis	Chiloglanis sp. 'mbarali river'	Chiloglanis sp. 'mzombe river sp.A'	Citharinus congicus	Clarias gariepinus	Clarias theodorae	Coptodon rendalli	Ctenopoma muriei	Cyphomyrus discorhynchus	Distichodus petersii	Eleotris klunzingerii	Engraulicypris brevianalis	Enteromius apleurogramma	Enteromius atkinsoni	Enteromius kerstenii	Enteromius lineomaculatus	Enteromius luikae	Enteromius macrotaenia	Enteromius radiatus	Enteromius zanzibaricus	Glossogobius giuris	Haplochromis vanheusdeni	Hemigrammopetersius barnardi	Hydrocynus tanzaniae	Labeo congoro	Labeo cylindricus	Labeobarbus macrolepis	Labeobarbus oxyrhynchus	Lacustricola kongoranensis	Marcusenius livingstonii	Marcusenius macrolepidotus	Mastacembelus frenatus	Megalops cyprinoides	Mormyrus longirostris	Nannaethiops sp. 'kilombero'	Nothobranchius kilomberoensis	Opsaridium loveridgii	Oreochromis leucostictus	Oreochromis niloticus	Oreochromis sp. 'mtera'	Oreochromis urolepis	Parakneria tanzaniae	Pareutropius longifilis	Petrocephalus catostoma	Pollimyrus castelnaui	Pseudocrenilabrus sp. 'kilombero'	Schilbe moebiusii	Synodontis rufigiensis	Synodontis rukwaensis	Synodontis sp. 'utete'	Zaireichthys sp. 'ruaha'
TAFIRI-2019.05.21-RUF02-A	0	0	0	0	0	0	0	5302	0	0	0	0	0	1560	623	0	0	0	406	2065	0	0	1092	0	1724	0	0	0	0	0	544	0	773	0	8850	0	0	2456	2668	554	0	0	0	0	8484	0	0	0	0	238	0	0	0	0	0	13136	0	2002	1425	1077	0	0	0	87	560	0
TAFIRI-2019.05.21-RUF02-A	0	0	0	0	0	0	0	8185	0	0	970	0	244	5187	1487	1286	0	0	0	2082	0	0	861	0	1187	0	0	0	0	0	504	0	2111	351	17686	0	707	1252	412	545	0	0	0	0	31668	1171	0	0	0	0	0	0	0	0	13	44664	0	2336	2634	3645	1216	0	0	7	205	778
TAFIRI-2019.05.21-RUF02-A	0	0	0	0	0	0	0	495	0	0	0	0	0	483	455	46	0	0	0	318	0	0	38	0	0	0	0	0	0	0	231	0	271	111	1407	0	0	64	68	0	0	0	0	36	4202	0	0	0	0	0	106	0	0	0	0	8850	0	0	1565	182	0	58	0	18	48	0
TAFIRI-2019.05.21-RUF02-A	2169	0	0	0	0	0	0	8189	0	0	950	0	0	8450	105	0	0	0	0	5098	64	0	1559	0	0	0	0	0	0	0	0	0	2296	0	2476	0	0	0	5416	0	0	0	0	0	14619	0	0	0	0	0	35	0	0	0	0	27610	0	0	3712	3092	1485	0	0	241	90	0
TAFIRI-2019.05.21-RUF02-A	300	0	0	0	0	0	0	4517	0	0	0	0	0	5240	2010	0	0	0	0	2785	0	0	934	0	767	0	0	0	0	0	688	0	10289	0	16033	0	0	441	746	0	0	0	0	1531	18381	0	0	0	0	0	0	0	0	0	0	38932	0	1450	2948	3654	0	0	0	9	73	0
TAFIRI-2019.05.21-RUF02-A	0	0	0	0	0	0	0	629	0	0	0	0	67	166	0	0	0	0	0	53	0	0	0	0	0	0	0	0	0	0	30	0	1107	0	393	0	0	13	206	0	0	0	0	0	1311	0	0	0	0	0	0	0	0	0	0	1749	0	1	0	149	556	0	0	0	1	0
TAFIRI-2019.05.21-RUF03-A	0	0	0	232	0	0	0	4476	0	0	0	0	0	1722	3222	0	0	0	0	10179	876	0	5194	854	915	0	0	0	638	0	524	0	9079	2242	33965	0	0	6691	100267	0	0	0	1	502	14028	0	787	0	0	1517	813	0	0	0	0	27937	0	1981	7333	5285	1185	0	0	2	94	0
TAFIRI-2019.05.21-RUF03-A	0	0	0	0	0	0	0	7402	0	0	0	0	0	9158	1166	0	0	0	0	34051	5152	0	5010	0	0	0	0	0	0	0	916	0	8543	0	27644	0	0	13977	138884	0	0	0	0	2203	26219	0	0	0	0	0	1106	110	0	0	1	73823	0	1166	16415	1194	1604	1416	0	80	78	0
TAFIRI-2019.05.21-RUF03-A	0	0	0	0	0	0	0	2593	0	0	0	0	0	7324	1682	0	0	0	0	22270	0	0	4896	605	2008	0	0	0	0	398	1385	0	16959	0	32609	0	0	4723	119231	0	0	0	0	0	18121	304	0	0	0	716	1763	0	0	690	0	30143	0	588	5574	2367	340	0	0	16	123	0
TAFIRI-2019.05.21-RUF03-A	0	0	0	0	0	0	0	11053	0	0	1407	0	0	14910	3135	3048	0	0	0	20661	483	0	17672	0	4051	0	0	0	0	0	1927	0	13822	1019	58737	0	0	13888	222521	1349	0	564	0	458	16284	0	0	0	0	2	0	0	0	0	10	83550	0	1591	10438	5755	0	0	0	22	50	0
TAFIRI-2019.05.21-RUF03-A	66	0	0	0	0	0	0	1317	0	0	284	0	0	3428	452	0	0	0	0	4326	0	0	677	662	258	0	0	0	0	0	96	0	1105	94	4608	0	324	2843	31068	1215	0	0	0	220	4500	0	0	0	0	256	66	0	0	0	8	11969	0	807	1834	526	0	43	0	102	271	0
TAFIRI-2019.05.21-RUF03-A	199	0	0	0	0	0	0	2451	0	0	237	0	0	6132	938	0	0	0	0	15312	884	0	2165	0	1092	0	0	0	0	0	291	0	5231	0	20388	0	1038	6249	94264	206	0	0	0	471	20503	357	0	0	0	2000	1276	0	0	0	39	59888	0	0	6370	1790	998	0	0	5	188	0
TAFIRI-2019.05.21-RUF04-A	0	0	1352	1970	0	694	0	2195	0	0	0	0	452	1298	116	0	71	699	259	10429	0	0	0	0	0	0	0	0	0	0	0	0	480	406	2996	0	11853	6005	4526	690	6019	8008	2554	0	4959	0	205	0	0	0	0	10	388	0	11	2698	0	0	1104	1	0	0	92	1035	0	0
TAFIRI-2019.05.21-RUF04-A	0	2840	5502	8061	0	916	0	20915	0	0	0	0	2403	10689	3676	0	9922	1697	2258	36094	0	0	0	0	0	0	0	0	608	7402	0	0	1012	2214	22088	0	32862	24298	17480	5250	26704	40068	7886	0	9837	0	7022	0	0	0	0	3	0	0	50	17316	0	1592	3970	0	0	0	151	1274	0	0
TAFIRI-2019.05.21-RUF04-A	0	1816	497	1309	0	0	0	2930	0	0	0	0	597	1964	569	0	1083	596	1440	5332	0	0	0	0	0	0	0	0	367	480	106	0	867	0	2916	0	13469	3608	15368	0	1733	2183	2695	0	510	0	227	0	0	0	0	65	0	0	6	2558	0	0	0	0	0	0	19	42	0	0
TAFIRI-2019.05.21-RUF04-A	0	2429	4435	2255	0	109	0	7102	0	0	0	0	0	24101	0	0	3283	1349	1986	18937	47	0	0	0	0	0	0	0	942	1095	0	0	3738	5890	9076	0	24735	16369	70247	1044	14617	23771	15660	1222	2405	0	2501	0	0	0	0	68	0	1056	16	10625	0	1731	2011	1239	0	357	241	1006	0	0
TAFIRI-2019.05.21-RUF04-A	0	0	2728	1561	0	3410	2501	7439	0	0	0	1320	794	7465	0	0	2757	2041	0	21270	0	0	494	1810	0	0	0	0	457	3385	0	0	1582	437	15076	0	66740	16094	27140	901	18607	20846	5428	0	15529	0	5001	0	0	0	0	121	0	0	187	15678	0	1419	6182	0	0	0	685	1681	1	1296
TAFIRI-2019.05.21-RUF04-A	0	5124	3961	7298	0	0	566	10962	0	0	0	1682	1855	31863	618	0	6800	1899	2777	35159	0	0	0	518	0	0	0	0	0	7609	787	0	4585	6083	12460	0	31266	23294	69689	3359	16698	21593	15168	0	4815	0	3199	0	0	0	0	0	0	0	13	10862	0	0	1941	0	0	0	222	1096	0	1515
TAFIRI-2019.05.22-RUF02-B	149	0	0	0	0	0	0	18121	0	0	157	0	1	3901	2558	874	0	0	770	11561	479	0	1608	0	131	0	0	340	2331	149	9913	0	118007	10742	19819	0	190	181957	5086	63	90	0	0	11398	3259	779	0	0	0	8136	48	0	0	0	41	25868	0	9345	7687	9874	21577	118	0	1	8	0
TAFIRI-2019.05.22-RUF02-B	94	0	0	0	0	0	0	16520	0	0	77	0	86	4259	4315	1090	0	0	1049	9894	951	0	2544	0	601	0	0	415	4449	174	25449	0	145336	18897	26536	0	184	150965	6127	23	57	0	0	6613	2333	514	0	0	0	7389	366	0	0	0	1	22661	0	9676	8378	9021	14932	540	0	9	37	0
TAFIRI-2019.05.22-RUF02-B	27	0	0	0	0	0	0	7509	0	0	40	0	13	1692	1217	528	0	0	467	4731	108	0	928	0	199	0	0	114	932	48	3810	0	58328	4948	9499	0	102	68551	2583	21	122	0	0	3002	1227	208	0	0	0	3581	43	0	0	0	12	9794	46	3516	3521	3691	5987	87	0	2	12	0
TAFIRI-2019.05.22-RUF02-B	154	0	0	0	0	0	0	13673	0	0	262	0	0	2782	2377	535	0	0	751	8110	361	0	1319	0	225	0	0	189	2262	121	9458	0	109878	9688	18073	0	181	143350	5201	20	53	0	0	7496	1815	350	0	0	0	4397	210	0	0	0	35	19737	34	6645	8699	8682	14703	133	0	5	26	0
TAFIRI-2019.05.22-RUF02-B	42	0	0	0	0	0	0	8468	0	0	78	0	0	2244	1416	251	0	0	417	5099	47	0	695	0	231	0	0	168	819	46	4460	0	86253	3742	8066	0	96	121879	923	0	92	0	0	2233	1269	274	0	0	0	2777	38	0	0	82	42	10456	53	3450	2955	5829	7260	112	0	23	15	0
TAFIRI-2019.05.22-RUF02-B	59	0	0	0	0	0	0	8976	0	0	44	0	23	2009	2330	472	0	0	434	5367	274	0	1320	0	224	0	1	285	1771	36	8004	0	71642	6738	13752	0	52	70866	2625	4	121	0	0	5352	1226	337	0	0	0	4065	114	0	0	0	0	9924	38	4606	5286	4042	5904	78	0	8	16	0
TAFIRI-2019.05.22-RUF02-C	3430	233	0	0	0	0	0	11727	0	0	1156	0	3097	35041	6315	392	0	0	483	18384	216	0	3433	702	49968	0	0	297	2950	0	3014	0	64181	18815	49767	0	491	35783	213019	17228	66688	0	0	4730	8721	189	0	0	0	2485	639	0	0	515	6	23098	224	10198	6477	3001	2913	261	3	176	51	0
TAFIRI-2019.05.22-RUF02-C	1202	0	0	0	0	0	0	10805	0	0	350	0	1458	17917	4911	323	0	0	438	15650	0	0	1070	269	28177	0	0	16	764	105	1817	0	40706	10481	27057	0	125	20806	157181	5087	44653	0	0	3694	8446	0	0	0	0	1258	671	0	0	0	3	20158	0	8809	3339	2346	1900	226	9	139	132	0
TAFIRI-2019.05.22-RUF02-C	1090	0	0	0	0	0	0	6937	0	0	450	0	1023	15305	2816	384	0	0	203	10133	502	0	990	252	22304	0	0	0	1018	0	2453	0	28293	9967	25443	0	0	18344	99635	5381	32151	0	0	2160	6494	2	0	0	0	1237	354	0	0	0	3	15010	0	5778	1753	1273	2502	262	0	115	143	0
TAFIRI-2019.05.22-RUF02-C	4773	0	0	0	0	0	0	15116	0	0	260	0	2458	38485	6161	986	0	0	1500	19058	0	0	1475	231	55812	0	0	215	1848	0	6493	0	80523	20339	48854	0	272	42214	234333	13934	57885	0	0	4313	15479	0	0	0	0	948	141	0	0	0	1	35352	2	10423	4096	3818	4618	907	22	112	155	0
TAFIRI-2019.05.22-RUF02-C	7141	0	0	342	0	0	0	24487	0	0	936	0	3221	61793	8292	796	0	0	0	30748	902	0	1440	344	71091	0	0	152	2221	436	5656	0	109926	26308	70024	0	0	70330	319246	22161	87833	0	0	3237	22664	0	0	0	969	4116	997	0	0	626	5	40786	256	23604	11090	7979	6288	587	17	169	218	0
TAFIRI-2019.05.22-RUF02-C	2791	0	0	0	0	0	0	8478	0	0	293	0	2283	25660	5388	261	0	0	1053	15801	280	0	2001	307	30729	0	0	682	1436	0	3717	0	62362	11506	32210	0	312	25892	141749	7767	43685	0	0	1663	5678	63	0	0	0	1054	96	0	0	0	0	19584	230	8255	1149	2447	3450	1059	3	17	163	0
TAFIRI-2019.05.22-RUF03-B	0	0	0	0	0	0	0	4514	0	0	490	0	0	10180	2400	1033	0	0	1868	7699	195	0	3664	0	1866	0	0	0	590	318	3308	0	12784	0	32366	0	0	1745	10407	0	0	0	0	0	35015	409	0	0	0	1065	2812	0	0	0	3	76717	227	4305	14554	6646	1441	0	0	176	175	0
TAFIRI-2019.05.22-RUF03-B	0	0	0	0	0	0	0	3839	0	0	0	0	0	8148	546	154	0	0	184	6300	0	0	2232	1255	587	0	0	0	0	0	461	0	6165	737	15837	0	0	777	3916	0	0	0	0	400	43317	0	0	0	0	549	913	0	0	0	2	105870	372	463	14370	10724	1399	0	0	4	126	0
TAFIRI-2019.05.22-RUF03-B	0	166	210	0	0	0	0	4455	0	0	219	0	0	8142	2003	0	0	0	0	6412	422	0	1457	0	529	0	0	90	659	0	1687	0	10906	1321	21719	0	0	1136	5587	172	515	0	0	413	19191	0	0	0	0	449	1568	0	0	297	3	53294	0	477	12075	6945	1086	195	0	8	45	0
TAFIRI-2019.05.22-RUF03-B	0	84	0	0	0	0	0	3220	0	0	129	0	0	7362	768	1	0	0	397	6516	442	0	2376	610	301	0	0	159	752	154	917	0	8283	0	19542	0	0	1640	2708	173	0	81	0	0	30002	0	0	0	0	286	834	0	0	0	1	59843	149	579	8907	6032	2243	0	0	10	57	0
TAFIRI-2019.05.22-RUF03-B	0	0	0	0	0	0	0	3306	0	0	543	0	0	14479	1444	0	0	0	571	9333	2244	0	2558	525	1225	0	0	0	0	593	5625	0	15023	3349	47731	0	0	2798	9147	1435	0	0	0	696	30922	0	0	0	0	1368	5495	0	0	0	6	95110	281	1625	20965	7443	964	0	0	10	561	0
TAFIRI-2019.05.22-RUF03-B	0	0	0	0	0	0	0	2190	0	0	0	0	0	2658	914	0	0	0	385	2204	77	0	517	375	117	0	0	0	70	47	204	0	1865	114	4823	0	0	372	1258	0	0	0	0	105	19934	144	0	0	0	50	358	0	0	0	7	45522	0	626	6654	3526	87	0	0	2	8	0
TAFIRI-2019.05.22-RUF05-A	0	0	659	2047	0	0	0	13750	0	0	0	1389	1400	5606	1981	0	1650	0	0	43163	0	0	0	0	0	0	0	0	2474	8784	654	0	2937	5698	10250	0	10250	5774	20088	677	12563	13225	3624	619	8288	0	0	0	0	0	0	109	0	0	2	3354	1428	2533	10235	1484	0	0	5	716	0	0
TAFIRI-2019.05.22-RUF05-A	0	3497	1665	604	0	107	0	12600	0	0	0	0	3053	610	1978	0	629	1207	0	28642	0	0	279	0	626	0	0	0	943	2476	364	0	2870	6525	15745	0	9825	10048	5782	679	7408	17306	2432	0	12642	0	0	0	0	0	0	18	0	0	4	2236	0	1320	4424	1462	0	0	2	255	0	703
TAFIRI-2019.05.22-RUF05-A	0	2221	884	3345	0	998	0	16694	0	0	0	0	1060	1332	496	0	4558	0	0	32830	0	0	0	0	0	0	0	0	373	3026	193	0	4468	800	5287	0	21399	6424	1116	0	6763	7904	5925	0	14955	0	703	0	0	0	0	19	0	0	0	0	0	1127	4035	0	0	0	20	81	0	969
TAFIRI-2019.05.22-RUF05-A	0	854	1149	1610	0	833	0	11913	0	0	0	0	4002	2271	784	0	1129	888	0	34153	0	0	0	0	0	0	0	0	1389	1869	0	0	894	4371	12239	0	8920	14698	15214	466	6255	12054	2779	0	5863	0	960	0	0	0	0	14	0	0	8	4073	0	0	5323	1242	0	0	15	231	0	0
TAFIRI-2019.05.22-RUF05-A	928	0	1692	2079	0	0	0	15997	0	0	0	3029	2607	11318	1329	0	1527	0	0	39233	0	0	0	0	8336	0	0	405	1087	1787	72	0	12060	7248	7424	0	6058	22550	36800	1295	18342	11840	4888	2054	9944	0	2685	0	0	777	0	22	0	715	8	6169	611	1877	3491	1031	1004	0	1	906	30	980
TAFIRI-2019.05.23-RUF06-A	0	0	0	0	0	0	0	13394	0	0	0	0	0	0	0	0	0	0	0	64931	52036	0	990	0	0	0	0	11837	0	18753	0	0	13032	2401	33774	0	0	0	0	0	0	0	0	1313	0	2506	0	0	0	0	17009	0	0	0	0	9883	0	0	2528	23325	8749	0	0	0	93	0
TAFIRI-2019.05.23-RUF06-A	0	0	0	0	0	0	0	2056	0	0	0	0	0	0	1573	0	0	0	0	36409	24207	0	3277	0	0	0	0	3130	1108	1861	0	0	3251	1150	9613	0	0	1331	0	0	0	0	0	0	0	0	0	0	0	0	9307	0	0	0	0	985	0	0	0	29925	1824	0	0	0	14	0
TAFIRI-2019.05.23-RUF06-A	0	0	0	0	0	0	0	2451	0	0	0	0	0	0	416	0	0	0	0	33233	31310	0	1876	0	0	0	0	2378	0	3768	1	0	4467	3405	16530	0	0	387	0	0	0	0	0	213	801	0	0	0	0	0	8677	0	0	0	0	2924	0	0	468	26287	3997	0	0	0	0	0
TAFIRI-2019.05.23-RUF06-A	0	0	0	0	0	0	0	6935	0	0	0	0	0	1	0	0	0	1	0	18903	14786	0	461	0	0	0	0	570	0	408	0	0	167	854	1908	0	2	2	2	0	1	2	1	637	1	0	0	0	0	741	1153	0	0	0	2	872	0	0	276	9501	675	0	0	0	0	1
TAFIRI-2019.05.23-RUF06-A	0	0	0	0	0	0	0	3322	0	0	1528	0	0	0	0	0	0	0	0	54233	36253	0	2873	0	0	0	0	4251	0	7213	0	0	8916	2676	16645	0	0	1811	0	0	0	0	0	1393	0	0	0	0	0	1196	17101	0	0	0	0	2200	0	0	503	35569	1614	0	0	0	0	0
TAFIRI-2019.05.23-RUF06-A	0	0	0	0	0	0	0	4849	0	0	0	0	0	0	0	0	0	0	0	105103	73942	0	3534	0	0	0	0	7328	0	11963	0	0	481	7632	23618	0	0	0	0	0	0	0	0	10603	0	5992	0	0	0	715	26930	0	0	0	0	656	0	579	976	55507	4514	0	0	0	0	0
TAFIRI-2019.05.23-RUF07-A	0	9061	0	1348	0	0	0	16239	0	0	0	0	0	1	0	0	6060	0	0	24037	0	0	0	0	0	0	0	0	1620	5027	0	0	265	334	18557	0	0	1	0	0	47792	0	0	0	1	0	4137	0	0	0	0	0	0	0	0	0	1328	0	0	0	0	0	0	0	0	8585
TAFIRI-2019.05.23-RUF07-A	0	2770	0	3879	0	0	0	10165	0	0	0	0	0	0	0	0	1119	0	0	12857	0	0	0	0	0	0	0	0	827	754	0	0	0	0	11410	0	0	0	0	0	77482	0	0	0	0	0	1843	0	0	0	0	0	0	0	0	0	3986	0	1	0	0	0	0	2	0	5664
TAFIRI-2019.05.23-RUF07-A	0	5825	0	366	0	0	0	19484	0	0	0	0	0	0	0	0	3871	0	0	32248	0	0	0	0	0	0	0	0	1819	3152	0	0	0	0	14957	0	0	0	0	0	56684	0	0	0	0	0	1630	0	0	0	0	0	0	0	0	0	841	0	0	0	0	0	0	0	0	6902
TAFIRI-2019.05.23-RUF07-A	0	3228	0	877	0	0	0	12302	0	0	0	0	0	0	0	0	499	0	0	16303	0	0	0	0	0	0	0	0	1590	3287	0	0	0	0	5675	0	0	0	0	0	53261	0	0	0	0	0	1111	0	0	0	0	0	0	0	0	0	1131	0	0	0	0	0	0	0	0	6759
TAFIRI-2019.05.23-RUF07-A	0	3590	0	383	0	0	0	9198	0	0	0	0	0	0	0	0	2639	0	0	13080	0	0	0	0	0	0	24	0	550	2626	0	0	0	0	12372	0	0	0	0	0	50078	0	0	0	0	0	3164	0	0	0	0	0	0	0	0	0	2265	0	0	0	0	0	0	0	0	4847
TAFIRI-2019.05.23-RUF07-A	0	5540	0	607	0	0	0	19731	0	0	0	0	0	0	0	0	845	0	1	18950	0	0	0	0	0	0	0	0	2087	2293	0	0	0	145	16895	0	0	0	0	0	81489	0	0	0	0	0	5329	0	0	0	0	0	0	0	0	0	4706	0	0	0	0	0	0	0	0	9381
TAFIRI-2019.05.23-RUF08-A	0	0	0	0	0	0	0	0	0	3154	0	0	0	0	0	0	0	0	0	6535	0	0	0	0	0	0	0	0	0	1959	0	0	0	0	0	0	0	0	0	0	10312	0	0	0	0	0	0	0	0	0	0	0	0	6376	0	3325	0	0	0	0	0	0	0	0	0	0
TAFIRI-2019.05.23-RUF08-A	0	0	0	0	0	0	0	0	256	2794	0	0	0	0	0	0	0	0	0	2052	0	0	0	0	0	0	0	0	0	1254	0	0	1775	0	0	0	0	0	0	0	3368	0	0	0	1898	0	0	0	0	0	0	0	0	1564	2166	6631	0	0	0	0	0	0	0	0	0	0
TAFIRI-2019.05.23-RUF08-A	0	0	0	0	0	2652	0	0	0	19468	0	0	2214	0	0	0	0	0	1	9619	0	0	0	0	0	0	0	0	0	3159	0	0	0	0	0	0	0	0	0	0	7804	0	0	0	16637	0	0	0	0	0	0	0	0	1650	3293	23915	0	0	0	0	0	0	0	0	0	0
TAFIRI-2019.05.23-RUF08-A	0	0	0	0	0	0	0	0	0	13520	0	0	11538	0	0	0	0	0	0	12565	0	0	0	0	0	0	0	0	0	12706	0	0	0	0	4866	0	0	1	3914	0	10473	0	0	0	9096	0	0	0	0	0	0	0	0	0	0	53724	0	0	7936	0	0	0	0	1	0	0
TAFIRI-2019.05.23-RUF08-A	0	0	0	6	0	2899	0	0	0	17108	0	0	0	0	115	0	0	0	0	12713	0	0	0	0	1387	0	0	0	0	0	0	0	1404	0	0	0	1	0	1761	0	737	249	2651	0	5933	0	0	0	0	0	0	0	0	0	6893	8181	1020	0	0	0	0	0	0	0	0	0
TAFIRI-2019.05.23-RUF08-A	0	0	0	32528	0	0	0	21363	0	14898	0	0	0	0	0	0	0	0	2	28674	0	0	0	0	0	0	0	0	0	434	0	0	0	0	0	0	9596	0	0	0	14728	0	0	0	97911	0	0	0	0	0	0	0	0	0	20724	102512	0	0	0	0	0	0	0	0	0	0
TAFIRI-2020.07.01-RUF08-B	0	0	0	0	0	0	0	0	0	0	0	554	0	2	0	0	0	0	3	331	0	0	0	0	0	0	0	0	0	0	0	0	0	0	0	0	0	0	0	1	73	0	0	0	0	0	0	0	0	0	0	0	0	0	347	1	0	0	0	0	0	0	0	0	0	0
TAFIRI-2020.07.01-RUF08-B	0	0	0	0	0	0	0	0	0	0	0	0	0	4300	0	0	0	0	1	4172	0	0	0	0	0	0	0	0	0	0	0	0	0	0	0	0	0	0	0	9832	0	3633	0	0	0	0	0	0	0	0	0	0	0	0	0	1	0	0	0	0	0	0	0	68	0	0
TAFIRI-2020.07.01-RUF08-B	0	0	0	0	0	0	0	0	0	0	0	0	0	2074	0	0	0	0	0	4541	0	0	0	0	0	0	0	0	0	0	0	0	0	0	0	0	0	0	0	131	0	0	0	0	2678	0	0	0	0	0	0	0	0	0	0	0	0	0	0	0	0	0	0	0	0	0
TAFIRI-2020.07.01-RUF09-A	0	7457	30173	13209	0	0	0	0	0	0	0	0	0	0	0	0	8676	377	0	2910	0	0	0	0	2	0	0	0	347	0	0	0	0	0	1161	0	0	0	0	0	177736	0	0	0	0	0	0	0	0	0	0	0	0	0	0	2	20639	0	0	0	0	0	0	0	0	0
TAFIRI-2020.07.01-RUF09-A	0	2264	18548	7432	0	0	177	0	0	0	0	0	0	0	0	0	3247	0	0	1806	0	0	0	0	0	0	0	0	1422	0	0	0	0	1513	727	0	0	0	0	0	146083	0	0	0	0	0	0	0	0	0	0	0	0	0	0	1	21750	0	0	0	0	0	0	0	0	0
TAFIRI-2020.07.01-RUF09-A	0	12870	40193	24596	0	0	1554	0	0	0	0	0	0	1	0	0	37586	0	0	4367	0	0	0	0	0	0	0	0	3223	0	0	0	0	2706	3031	0	0	0	0	0	516000	0	0	0	0	0	6127	0	0	0	0	0	0	0	0	0	106154	0	0	0	0	0	0	0	0	0
TAFIRI-2020.07.01-RUF10-A	0	0	0	0	0	0	0	0	0	0	0	0	0	1	0	0	0	0	0	91026	1191	0	0	0	0	0	0	0	742	0	0	0	0	6636	251423	0	0	0	0	519	3515	0	0	0	0	0	0	0	0	0	0	0	0	0	0	0	574	0	0	0	0	0	0	0	0	0
TAFIRI-2020.07.01-RUF10-A	0	0	0	0	0	0	0	0	0	0	0	0	0	0	0	0	0	0	0	106242	0	0	0	0	0	0	0	0	1485	0	0	0	0	7660	314521	0	0	0	157	1290	4689	0	0	0	0	0	0	0	0	0	0	0	0	0	0	585	580	0	225	0	0	0	0	0	0	0
TAFIRI-2020.07.01-RUF10-A	0	0	0	0	0	0	0	0	0	0	0	0	0	0	0	0	0	0	0	74772	521	0	0	0	0	0	0	0	456	0	0	0	0	7721	243765	0	0	0	0	281	3092	0	0	0	0	0	0	0	0	0	314	0	0	0	0	0	528	0	0	0	0	0	0	0	0	0
TAFIRI-2020.07.01-RUF11-A	0	1093	0	622	0	0	0	26712	0	0	2832	0	8151	139868	23877	0	159	0	0	96220	3143	0	1791	1046	0	0	0	579	4761	12264	6096	509	2233	9575	145540	0	993	21001	21980	6330	4517	536	434	1752	78536	5787	3612	0	540	0	0	0	0	0	19	95541	796	4824	27291	9800	5222	809	0	4896	1778	235
TAFIRI-2020.07.01-RUF11-A	0	142	904	1105	0	138	0	22659	0	0	1905	0	3789	142525	22211	0	0	0	0	112108	4804	0	1062	4136	0	0	0	263	4515	6782	1724	0	826	2612	127357	0	2988	21856	13074	8446	4524	73	923	1024	121494	3509	2489	0	461	0	0	29	0	0	238	137997	436	5783	19579	12906	4533	113	0	241	106	0
TAFIRI-2020.07.01-RUF11-A	0	227	58	51	0	0	0	3007	0	0	238	0	396	35457	4216	0	27	0	0	21772	363	0	100	519	41	0	0	22	774	1234	344	0	41	357	19362	0	581	3562	1601	1557	500	0	119	239	27445	967	403	0	134	88	41	0	0	0	43	33653	79	820	3688	1001	1021	14	6	270	167	56
TAFIRI-2020.07.02-RUF12-A	0	2265	1523	4323	0	0	0	4606	0	0	1725	0	0	0	5858	0	0	0	0	78326	1293	0	481	1779	0	0	0	0	26105	9270	1749	0	4445	4930	275716	0	728	19019	0	1	83067	0	0	2024	2103	3186	2030	0	0	0	550	0	0	0	111	389478	15285	1617	2350	5050	0	0	0	0	455	687
TAFIRI-2020.07.02-RUF12-A	0	879	915	1345	0	0	81	4311	0	0	1239	0	0	0	1769	0	100	0	0	34872	1542	0	0	0	0	0	0	0	11239	4779	882	0	1788	1879	141800	0	302	6958	0	0	60529	0	74	1246	147	207	0	0	0	0	0	0	0	0	119	227026	2050	584	1075	1155	0	0	0	0	492	584
TAFIRI-2020.07.02-RUF12-A	0	361	473	65	0	0	0	470	0	0	199	0	0	0	347	0	0	0	0	12302	189	0	0	39	0	0	0	0	2646	2188	186	0	358	446	45247	0	272	1222	0	0	13341	0	0	722	223	95	47	0	0	0	0	0	0	0	40	104617	415	43	94	93	0	0	0	0	132	7
TAFIRI-2020.07.02-RUF13-A	0	14	134	14	0	0	0	0	0	0	0	0	0	0	0	0	7	0	0	1033	0	0	0	0	0	0	0	0	257	975	45	0	0	623	6584	0	61	0	0	0	9613	0	0	0	36808	985	78	0	0	0	0	0	0	0	0	88	1511	102	5443	90	0	0	0	0	9	0
TAFIRI-2020.07.02-RUF13-A	0	1122	3616	2025	0	0	150	0	0	0	0	0	0	0	489	0	277	0	0	10999	0	0	0	0	0	0	0	0	12605	31423	484	0	0	16724	158196	0	0	0	0	0	91306	0	0	0	297449	11349	1244	0	0	0	0	0	0	0	0	1014	17679	3486	73943	1239	0	0	0	0	434	0
TAFIRI-2020.07.02-RUF13-A	0	345	519	612	0	0	103	111	0	0	0	0	0	0	0	0	12	0	0	1201	0	0	0	0	0	0	0	0	2467	3009	75	0	0	1649	28455	0	0	0	0	0	22031	0	0	0	71640	2063	74	0	0	0	0	0	0	0	0	0	2267	132	14051	203	0	0	0	0	26	0
TAFIRI-2020.07.02-RUF14-A	0	5862	1313	0	0	0	0	3985	0	0	0	0	0	0	7738	0	1279	0	0	119088	1559	0	60	0	0	0	0	0	6747	12099	1520	0	1	5374	203657	0	3469	820	39	0	82117	0	0	0	27568	829	10418	0	0	0	0	0	0	0	84	298227	5377	1367	3681	13357	0	0	0	0	88	2992
TAFIRI-2020.07.02-RUF14-A	0	9842	3917	0	0	0	0	7508	0	0	0	0	0	1	8924	0	1050	0	0	129192	3339	0	0	0	0	0	0	0	6824	15280	1410	0	0	5962	277019	0	2189	355	0	0	167104	0	0	206	23230	800	21058	0	0	0	0	0	0	0	28	292061	3926	2681	4569	22515	0	0	0	3	303	2367
TAFIRI-2020.07.02-RUF14-A	0	5702	1421	93	0	0	0	2847	0	0	0	0	0	0	11678	0	1070	0	0	89053	931	0	0	0	0	0	0	0	3048	9230	989	0	1	3197	147214	0	1554	331	0	0	35398	0	0	57	23278	912	7895	0	0	0	0	0	0	0	42	192242	2610	988	3498	10432	163	0	0	1	250	872
TAFIRI-2020.07.02-RUF15-A	0	640	16210	1666	0	0	76	0	0	0	0	0	0	0	0	0	417	0	1	0	0	0	0	916	0	0	0	0	4884	345	0	0	0	3789	98729	0	0	0	965	0	10578	0	0	0	2	0	0	0	0	0	0	0	0	0	0	1280	330	0	429	0	0	0	0	0	0	0
TAFIRI-2020.07.02-RUF15-A	0	2045	12330	0	0	0	289	0	0	0	0	0	0	0	0	0	0	0	0	0	0	0	0	142	0	0	0	0	12022	279	0	0	0	2540	43488	0	0	0	1038	0	7890	0	0	0	1	0	0	0	0	0	0	0	0	0	0	0	0	0	0	0	0	0	0	0	0	0
TAFIRI-2020.07.02-RUF15-A	0	2024	17777	7063	0	0	0	0	0	0	0	0	0	0	0	0	0	0	0	330	0	0	0	0	0	0	0	0	15590	263	0	0	0	4519	80535	0	0	0	7893	0	24021	0	0	0	1	0	0	0	0	0	0	0	0	0	0	0	0	0	410	0	0	0	0	0	0	0
TAFIRI-2020.07.02-RUF16-A	0	2026	7695	1720	0	0	0	689	0	0	0	0	0	0	0	0	0	0	1	1559	0	0	0	0	1	0	0	0	5111	3963	0	0	0	22765	10123	0	0	0	1	0	15632	0	0	0	24185	0	42545	0	0	0	0	0	0	0	0	1	3472	0	1500	0	0	0	0	0	0	0
TAFIRI-2020.07.02-RUF16-A	0	5972	6684	2466	0	0	189	933	0	0	0	0	0	0	0	0	0	0	0	1587	0	0	0	0	0	0	0	0	8017	7309	0	0	0	32749	7387	0	0	0	0	0	19204	0	0	0	25075	453	50428	0	0	0	0	0	0	0	0	464	2490	0	2594	0	0	0	0	0	0	0
TAFIRI-2020.07.02-RUF16-A	0	11260	12422	5623	0	0	0	2102	0	0	0	0	0	0	0	0	0	0	0	0	506	0	0	0	0	0	0	0	16661	14740	0	0	0	42571	15350	0	0	0	0	0	24578	0	0	0	75332	0	77032	0	0	0	0	0	0	0	0	0	10363	0	4206	0	0	0	0	0	0	0
TAFIRI-2020.07.03-RUF02-D	1046	0	0	961	0	0	0	16501	0	0	0	0	20091	61292	34861	2842	0	0	8937	56738	178	0	388	3246	16140	0	0	0	412	198	8715	0	3818	5934	32495	0	0	12161	49996	10510	236	538	0	2009	55029	1247	196	0	2613	2545	0	0	0	0	0	140613	0	21900	17228	4416	1307	13635	10	1258	1122	0
TAFIRI-2020.07.03-RUF02-D	526	0	0	702	0	0	0	12412	0	0	90	0	14248	46162	17531	5708	0	0	9376	51082	1494	0	1086	4711	14620	0	0	646	304	0	7093	0	4083	3459	30231	0	0	11812	24387	8717	1633	228	0	3081	45138	726	0	0	5430	1892	0	0	0	0	0	100681	0	17196	14476	4140	486	14893	20	575	138	0
TAFIRI-2020.07.03-RUF02-D	256	0	0	0	0	0	0	4301	0	0	0	0	7547	14232	8184	1672	0	0	2373	15396	199	0	341	721	7977	0	0	204	208	0	1616	0	1683	1737	12099	0	212	2494	10680	2117	429	0	0	471	17161	200	0	0	1117	246	0	0	0	0	0	38861	0	5972	6006	1256	332	5603	0	100	50	0
TAFIRI-2020.07.03-RUF10-B	0	1	0	0	0	0	0	0	0	0	0	0	0	1	0	0	0	0	0	92436	1282	0	0	0	0	0	0	0	732	0	0	0	0	16927	284715	0	0	0	138	109	4380	1	0	0	0	0	0	0	0	0	151	0	0	0	0	0	940	0	0	0	0	0	0	0	0	0
TAFIRI-2020.07.03-RUF10-B	0	0	0	0	0	0	0	1	0	0	0	0	0	0	0	0	0	0	0	44964	565	0	0	0	0	0	0	0	1008	0	0	0	0	8114	163496	0	0	1	0	789	1377	0	0	0	0	0	1	0	0	0	106	0	0	0	0	0	136	0	0	0	0	0	0	0	0	0
TAFIRI-2020.07.03-RUF10-B	0	0	0	0	0	0	0	0	0	0	0	0	0	0	0	0	0	0	0	103858	1944	0	0	0	0	0	0	0	1728	244	0	0	0	12044	317771	0	1	1	0	1132	4262	0	0	0	0	0	0	0	0	0	0	0	0	0	0	0	212	0	0	0	0	0	0	0	0	0
TAFIRI-2020.07.03-RUF17-A	0	2420	1583	0	0	0	0	0	0	0	0	0	0	0	748	0	3908	0	0	7055	107	0	0	585	0	0	0	0	2484	963	21	0	0	1559	18816	0	11005	691	0	0	231158	0	16967	0	1667	0	291	0	0	0	0	0	0	1	14	1107	836	73	3234	0	0	0	0	1	0	0
TAFIRI-2020.07.03-RUF17-A	0	3385	4868	0	0	0	0	0	0	0	0	0	0	0	1061	0	7778	0	1	9688	665	0	0	0	0	0	0	0	4591	665	1	0	0	2485	28079	0	6565	1450	0	0	49856	0	25399	0	2696	0	2955	0	0	0	0	4	0	0	1	1004	855	0	880	0	0	0	0	91	0	79
TAFIRI-2020.07.03-RUF17-A	0	7954	5525	0	0	0	0	0	0	0	0	0	0	0	1854	0	11659	0	5	7589	718	0	0	0	0	0	0	0	2908	740	0	0	0	511	22847	0	10875	866	0	0	118596	0	22038	0	4933	0	0	0	0	0	0	45	0	0	3	1038	0	0	308	0	0	0	0	532	0	637
TAFIRI-2020.07.03-RUF17-B	0	18048	18772	1874	0	0	1125	0	0	0	0	0	0	0	4734	0	30282	0	0	28220	3817	0	0	0	0	0	0	0	9288	2209	2	0	0	0	78181	0	19636	5558	3	0	193623	0	78576	0	5085	0	3016	0	0	0	0	87	0	0	0	1965	1367	0	5454	0	0	0	0	43	0	0
TAFIRI-2020.07.03-RUF17-B	0	3695	5817	1090	0	0	0	0	0	0	0	0	0	0	409	0	5599	0	0	8361	2940	0	0	0	0	0	0	0	6463	3042	0	0	1	436	36549	0	9339	0	0	0	81110	0	23841	0	4013	0	0	0	0	0	0	31	0	0	40	4826	766	0	1217	0	0	0	0	67	0	0
TAFIRI-2020.07.03-RUF17-B	0	3570	2015	19	0	0	0	1	0	0	0	0	0	0	399	0	4148	0	0	4899	1268	0	0	0	0	0	0	0	2088	477	91	0	0	365	26672	0	2521	391	0	1	64421	0	17074	0	4811	0	5037	0	0	0	0	10	0	1	0	0	0	0	961	0	0	0	0	0	0	0
TAFIRI-2020.07.03-RUF18-A	0	10321	0	0	0	0	0	20438	0	0	0	0	0	1	2947	0	5182	0	0	46058	8914	0	0	0	0	0	0	0	0	15347	0	0	0	0	30771	0	0	0	6	0	54352	0	0	0	7844	0	6686	0	0	0	1	0	0	0	0	15114	1922	563	4142	0	1	1	0	278	545	34755
TAFIRI-2020.07.03-RUF18-A	0	15312	0	0	0	0	0	20265	0	0	0	0	0	0	508	0	4094	0	0	44815	11472	0	0	0	0	0	0	0	0	14342	0	0	0	719	23455	0	0	436	1	0	60469	0	0	0	18940	2698	4325	0	0	0	0	0	0	0	0	13506	1521	811	2434	0	0	0	0	1554	1558	18013
TAFIRI-2020.07.03-RUF18-A	0	8276	0	0	0	0	0	9429	0	0	0	0	0	0	257	0	1954	0	0	20902	3670	0	0	0	111	0	0	0	0	13560	70	0	0	0	17292	0	0	0	0	0	31169	0	0	0	3745	0	3994	0	0	0	0	0	0	0	0	5415	0	711	567	0	0	0	0	44	157	13671
TAFIRI-2020.07.03-RUF19-A	0	856	282	460	0	0	0	1206	0	0	0	629	0	100	4430	0	188	0	0	62963	182	0	0	0	0	0	0	0	756	1271	1	0	2	184	36721	0	548	1	0	204	5972	0	0	0	22415	1477	3949	0	0	0	0	3	0	0	0	78321	0	874	5758	1630	0	0	0	12	64	161
TAFIRI-2020.07.03-RUF19-A	0	3772	2168	0	0	0	0	1644	0	0	0	861	0	168	9726	0	337	0	0	137228	1654	0	0	0	0	0	0	0	1065	4833	0	0	0	266	62807	0	2423	452	0	1047	10273	0	0	0	47216	3101	6989	0	0	0	0	0	0	0	0	169219	0	1822	12126	1512	0	0	0	42	56	1883
TAFIRI-2020.07.03-RUF19-A	0	3271	1399	0	0	0	0	2980	0	0	0	718	0	304	15023	0	585	0	0	155315	1201	0	0	0	0	0	0	0	6202	7216	137	0	0	348	77157	0	1522	3262	3	378	18220	0	1	634	52843	3015	8054	0	0	0	0	2	0	0	0	187820	0	3795	13025	4332	0	0	0	369	399	620
TAFIRI-2020.07.04-RUF02-E	1	0	0	0	0	0	0	20831	0	0	508	0	40130	80308	29912	7570	0	0	31087	103197	0	0	2037	7861	32987	0	0	0	1256	1924	9215	0	6557	17585	58142	0	0	34688	56078	23374	195	0	0	3190	107127	780	0	0	5393	69	0	0	0	0	0	219342	2111	33159	42245	7777	669	41911	285	1703	1057	0
TAFIRI-2020.07.04-RUF02-E	158	0	0	0	0	0	0	8220	0	0	2	0	23562	52569	13094	5947	0	254	12756	54653	941	0	189	3203	12776	0	0	0	797	0	8134	0	10004	10117	30304	0	780	26996	27105	16506	188	0	0	1119	44442	967	228	0	3324	2553	0	0	0	0	0	95244	0	13728	16679	3308	852	15780	222	2427	2014	0
TAFIRI-2020.07.04-RUF02-E	0	0	0	322	0	0	0	11126	0	0	816	0	11816	36171	9872	2771	0	0	12464	55685	659	0	227	4893	14004	0	0	0	582	143	1471	0	6353	6716	19400	0	198	21567	15978	13461	0	0	0	904	45888	549	0	0	3090	857	0	0	0	0	0	91054	0	8446	16296	3571	969	14732	2	613	658	0
TAFIRI-2020.07.04-RUF02-F	336	0	0	707	0	0	0	10205	0	0	230	0	9579	29709	10265	2180	0	0	8753	38454	577	0	465	3352	9556	0	0	0	0	948	595	0	3561	5226	12389	0	675	8927	16857	8259	522	357	0	1598	44425	689	0	0	3075	514	0	0	0	0	0	97937	0	13910	14631	1183	1935	12845	0	639	867	0
TAFIRI-2020.07.04-RUF02-F	0	0	0	0	0	0	0	24783	0	0	0	1718	34634	72545	44428	5331	0	0	9329	75320	0	0	0	2444	30139	0	0	0	0	0	4812	0	9727	5001	58177	0	1298	21135	39135	8316	1290	0	0	3374	91529	1604	0	0	7877	2086	0	0	0	0	0	197657	0	13806	27976	3648	812	40519	0	1531	1094	0
TAFIRI-2020.07.04-RUF02-F	0	0	0	0	0	0	0	8041	0	0	71	0	19700	43590	14650	734	0	0	9581	54455	2641	0	1356	3696	15493	0	0	0	266	0	3813	0	2725	1876	34981	0	343	17285	30334	9147	887	0	0	2433	54740	868	0	0	4835	1322	0	0	0	0	0	135578	0	11786	20282	4420	1	22794	46	1068	561	0
TAFIRI-2020.07.04-RUF02-G	0	0	0	379	0	0	0	10224	0	0	493	239	17437	34058	11760	2279	0	0	6408	55266	923	0	1073	2747	10952	0	0	0	515	179	1733	0	4259	3073	33480	0	0	14652	24527	7142	13	480	0	1300	52392	1454	0	0	4439	741	0	0	0	0	0	90665	0	11846	16152	4024	0	15195	204	1239	1020	0
TAFIRI-2020.07.04-RUF02-G	0	0	0	0	0	0	0	8182	0	0	0	0	8928	29702	8247	629	0	0	3436	29954	0	0	0	900	3563	0	0	0	0	0	659	0	7699	3428	11598	0	0	13072	14212	6263	665	0	0	612	32455	0	0	0	3885	0	0	0	0	0	0	38295	0	5902	5981	632	1555	10696	0	897	61	0
TAFIRI-2020.07.04-RUF02-G	0	0	0	0	0	0	291	4805	0	0	0	0	10272	26460	11449	1433	119	0	4091	40838	509	0	326	2711	15122	0	0	0	0	345	2161	0	3256	2909	27765	0	0	14587	19553	9199	285	0	0	2100	44374	199	0	0	3089	497	0	0	0	0	0	96034	367	10838	15093	4001	1606	21247	5	815	342	0
TAFIRI-2020.07.04-RUF02-H	1	0	0	0	0	0	0	6997	0	0	626	0	19266	48524	12932	1506	0	0	47787	70117	863	0	781	3303	20222	0	0	0	230	686	1955	0	4343	2531	23578	0	0	14203	82382	56420	1704	209	190	2422	61096	0	0	0	4714	578	0	0	0	0	0	130621	0	8257	21318	5803	0	33024	8	994	712	0
TAFIRI-2020.07.04-RUF02-H	174	252	0	1	0	0	0	2663	0	0	0	0	4348	17142	3382	666	0	0	30081	21141	649	0	419	1249	2895	0	0	0	0	0	335	0	1616	1315	5156	0	278	2968	23918	16732	470	0	0	687	18105	203	0	0	194	894	0	0	0	0	0	39824	0	2194	4619	469	0	9775	2	429	288	0
TAFIRI-2020.07.04-RUF02-H	0	0	0	0	0	0	0	909	0	0	210	0	8251	36564	8905	720	0	0	27335	26188	301	0	0	2941	13693	0	0	0	612	0	1057	0	1225	1209	15231	0	0	6216	47509	29994	264	0	0	860	44239	0	764	0	1715	942	0	0	0	0	0	62867	0	3524	11081	1563	2088	12632	1	539	66	600
TAFIRI-2020.07.04-RUF02-I	0	0	0	1	0	0	0	6665	0	0	0	1	12206	25731	10307	1437	0	0	5828	42970	803	0	440	2988	11945	0	0	0	2	893	1478	0	4141	2958	19818	0	0	9997	18070	4560	1	0	0	1505	34555	316	0	0	2220	1442	0	0	0	0	0	72279	0	8945	11588	3306	477	13526	15	1015	1046	0
TAFIRI-2020.07.04-RUF02-I	0	0	0	785	0	0	0	17133	0	0	0	0	14197	35472	12131	3215	0	0	9041	61277	1158	0	215	3626	9147	0	0	0	0	1326	1825	0	2997	3832	19471	0	0	16829	21516	6474	430	0	166	1645	93724	550	277	0	3632	602	0	0	0	0	0	118222	0	6275	24828	5313	1119	11538	8	851	899	0
TAFIRI-2020.07.04-RUF02-J	37	0	0	0	0	0	0	12662	0	0	1427	0	7104	35009	7108	1268	0	0	7025	44857	1212	0	461	7172	11713	0	0	0	626	185	283	0	3230	3669	15532	0	0	16738	13565	7388	596	0	0	2598	75067	1015	0	0	5411	626	0	0	0	0	0	147926	0	8251	12057	2165	1149	8093	53	1734	1705	0
TAFIRI-2020.07.04-RUF02-J	0	0	0	0	0	0	0	6989	0	0	172	0	9717	20410	9769	1847	0	0	6234	44971	610	0	0	2260	14198	0	0	148	0	3	1332	0	1691	2690	24486	0	0	13959	19199	8120	0	0	0	1302	33318	1071	0	0	4420	2578	0	0	0	0	0	82810	0	6868	13202	2308	665	20967	0	1406	1456	0
TAFIRI-2020.07.04-RUF02-J	113	0	0	0	0	0	0	6306	0	0	235	0	8809	19075	9907	693	0	0	3150	28319	363	0	121	1563	12856	0	0	0	120	0	1368	0	1894	940	16556	0	0	6831	11559	4725	227	0	75	631	31264	96	0	0	2447	1141	122	0	0	0	0	52588	0	4704	9969	1510	130	11747	33	872	665	0
TAFIRI-2020.07.04-RUF07-B	0	4776	0	407	0	0	120	2888	0	0	0	0	0	0	0	0	1520	0	0	165580	3206	0	0	0	0	0	0	0	3226	870	0	0	0	974	22369	0	0	0	0	721	47044	0	0	0	0	0	7660	0	0	0	0	0	0	0	0	0	2652	0	0	0	0	0	0	0	0	4411
TAFIRI-2020.07.04-RUF07-B	0	4396	0	786	0	0	0	5174	0	0	0	0	0	0	0	0	2669	0	0	273929	3370	0	0	0	0	0	0	0	1542	1010	0	0	0	0	27209	0	0	0	0	1917	102279	0	0	0	0	0	3590	0	0	0	0	0	0	0	0	1307	10379	0	0	1	1	0	0	0	0	7063
TAFIRI-2020.07.04-RUF07-B	0	2978	0	0	0	0	0	6599	0	0	0	0	0	0	0	0	3076	0	0	172489	2976	0	0	0	0	0	0	0	1634	1237	0	0	0	982	22706	0	0	0	0	1742	46860	0	0	0	0	0	6728	0	0	0	0	0	0	0	0	0	9181	0	0	1	0	0	0	0	0	5862
TAFIRI-2020.07.04-RUF20-A	0	0	0	0	0	0	0	39459	0	0	0	0	0	0	2206	0	0	0	0	33171	1386	0	0	0	0	0	0	3059	0	9122	3079	0	14778	20323	30800	0	0	2769	0	676	3404	0	0	8415	6241	1569	0	0	0	2089	0	0	0	0	0	188141	0	0	505	5838	49764	0	0	1	0	0
TAFIRI-2020.07.04-RUF20-A	0	0	0	0	0	0	0	66298	0	0	120	0	0	0	2267	0	0	0	0	55028	4964	0	424	0	0	0	0	3065	0	11169	1461	0	11601	19436	43386	0	0	6621	0	4659	1841	0	0	19760	9150	3476	0	0	0	5618	0	0	0	0	0	328596	0	0	0	20078	91402	0	0	0	0	0
TAFIRI-2020.07.04-RUF20-A	0	0	0	0	0	0	0	245	0	0	0	0	0	1	51	0	0	0	0	98	23	0	0	0	0	0	0	3	0	26	22	0	17	56	64	0	0	6	0	11	10	0	0	14	11	1	0	0	0	6	0	0	0	0	0	1036	0	1	3	32	166	1	0	0	0	0
TAFIRI-2020.07.23-RUF21-A	0	0	0	0	0	0	0	0	0	0	0	1268	1926	1179	311	0	0	0	6225	2714	0	0	0	1715	2460	0	0	0	0	0	0	0	0	0	0	0	0	0	1422	1586	1002	0	0	0	8594	0	1	0	0	0	0	82	0	0	0	6572	0	332	3898	0	0	197	288	73	9	0
TAFIRI-2020.07.23-RUF21-A	2900	0	0	0	0	0	0	0	0	0	0	0	2388	7704	0	0	0	0	2524	10021	1	0	0	1839	2836	0	0	0	0	0	0	0	0	0	0	0	0	0	1952	3121	0	0	0	0	9169	0	0	0	619	0	0	0	0	0	0	5721	0	0	5224	2	0	1762	353	315	0	0
TAFIRI-2020.07.23-RUF21-A	2540	0	0	0	0	0	0	1	0	0	0	1976	5112	7388	0	0	0	0	7489	9276	0	0	0	948	1403	0	0	0	0	0	0	0	0	0	2248	0	0	0	2410	3201	2328	1961	0	0	15956	0	0	0	785	0	0	0	0	0	0	5871	0	0	5756	927	0	3051	151	83	0	0
TAFIRI-2020.07.23-RUF21-B	3116	1	0	0	0	0	0	1624	0	0	1583	0	0	1641	5088	1174	0	0	131605	74586	167	0	0	0	6025	0	0	0	0	0	0	0	0	0	5140	835	0	0	5033	25363	14995	0	0	0	1483	1796	0	0	0	0	0	0	0	0	0	79094	0	285	1414	0	0	3231	0	64	8	0
TAFIRI-2020.07.23-RUF21-B	1601	0	0	0	7	0	0	0	0	0	3536	0	0	2643	7388	710	0	0	168338	96475	0	0	0	0	5209	0	0	0	0	0	0	0	0	0	3240	4619	0	0	2178	27881	15697	0	0	0	39	3473	0	0	0	0	0	0	0	0	0	105120	0	0	235	0	0	797	0	446	0	1
TAFIRI-2020.07.23-RUF21-B	6319	0	0	0	0	0	0	1645	0	0	4005	0	0	3388	20052	0	0	0	275445	156088	0	0	0	0	4602	0	0	0	0	0	0	0	0	0	10853	1957	0	0	3643	51965	34979	0	0	0	4435	5188	0	0	0	0	0	0	0	0	0	158647	1	0	1267	0	0	3986	0	806	192	0
TAFIRI-2020.07.23-RUF22-A	656	0	0	0	0	0	0	30	0	0	0	0	0	21491	9726	0	0	0	483730	39018	0	0	150	0	37793	0	0	0	0	0	0	0	0	339	3327	0	0	23741	191	15931	301	0	0	0	11095	0	0	0	0	0	0	0	0	0	0	26749	0	0	571	0	0	3258	0	1973	0	0
TAFIRI-2020.07.23-RUF22-A	152	0	0	0	0	0	0	59	0	0	0	0	238	12143	7193	0	0	0	318020	21781	0	0	0	79	24496	0	0	0	0	0	0	0	0	86	2186	814	0	8979	153	6694	482	0	0	0	2648	0	0	0	0	0	0	0	0	0	0	15439	0	0	505	0	0	1413	4	446	3	0
TAFIRI-2020.07.23-RUF22-A	327	0	0	1	0	0	0	0	0	0	0	0	0	69049	31623	0	0	0	1296165	124754	0	0	768	4017	79626	0	0	0	0	0	0	0	0	0	6870	476	0	83456	525	60318	1784	0	0	0	21595	0	0	0	0	0	0	0	0	0	0	72671	0	0	2687	0	0	7439	4	2063	0	0
TAFIRI-2020.07.23-RUF23-A	0	0	0	0	111	0	0	3586	0	1	8359	0	162	342	280	1211	0	0	26852	46028	790	0	0	0	4364	0	0	0	0	0	0	0	0	0	2696	935	0	56583	1259	82745	599	0	0	0	14639	729	0	0	0	308	0	0	0	0	0	110332	0	1587	9172	4114	0	0	37	182	97	0
TAFIRI-2020.07.23-RUF23-A	0	0	0	0	0	0	0	1756	0	0	7353	0	0	1	359	1672	0	0	27705	38558	0	0	0	0	4980	0	0	0	0	0	0	0	0	290	3178	933	0	58639	0	71146	1249	0	0	0	12304	0	0	0	0	229	0	0	0	0	0	91189	0	1337	5427	2667	0	204	0	267	438	0
TAFIRI-2020.07.23-RUF23-B	0	0	0	0	0	0	0	703	0	0	1825	0	83	3175	2021	0	0	0	22011	138407	0	0	112	0	219	0	0	0	0	0	0	0	1112	1443	41981	935	0	6797	0	17055	3762	0	0	343	3227	0	0	0	0	0	0	0	0	0	0	82789	0	619	627	0	0	172	102	1169	53	0
TAFIRI-2020.07.23-RUF23-B	160	0	0	0	322	0	0	3359	0	0	604	0	539	10157	3784	1	0	0	50524	301966	0	0	926	0	797	0	0	0	0	0	0	0	4401	3863	100108	0	0	19831	441	42112	9190	0	0	584	10613	0	0	0	0	257	0	0	0	0	0	179764	0	0	4734	290	0	259	60	450	14	0
TAFIRI-2020.07.23-RUF23-B	0	0	0	0	0	0	0	264	0	0	1511	0	288	6889	3154	740	0	0	33125	217667	0	0	83	0	0	0	0	0	0	0	0	0	1108	2751	75689	1021	0	14622	0	34858	5258	0	0	0	9875	0	0	0	0	0	0	0	0	0	0	145605	0	0	332	0	0	0	886	9024	285	0
TAFIRI-2020.07.23-RUF24-A	1540	0	0	0	0	0	0	0	0	0	41	0	0	591019	120480	0	0	0	318468	33492	0	0	0	0	2886	0	0	0	0	0	0	0	0	0	3395	1442	0	0	6762	107601	1322	0	0	0	0	0	0	0	0	0	0	0	0	0	0	50828	0	0	0	0	0	907	0	161	0	0
TAFIRI-2020.07.23-RUF24-A	558	1	0	0	0	0	0	0	0	0	0	0	0	276257	54856	0	0	0	144525	8608	0	0	0	0	1016	0	0	0	0	0	0	0	0	0	1082	358	0	0	3908	48422	2431	0	0	0	0	0	0	0	0	0	0	0	0	0	0	18548	3	0	0	0	0	201	0	234	0	0
TAFIRI-2020.07.23-RUF24-A	1629	0	0	0	0	0	0	0	0	0	166	0	0	342717	79436	0	0	0	170982	18605	0	0	0	0	1663	98	0	0	0	0	0	0	0	0	2233	924	0	0	5635	56356	1256	1	0	0	0	0	0	0	0	0	0	0	0	0	0	19038	0	0	0	0	0	0	0	1046	1	0
TAFIRI-2020.07.24-RUF25-A	5413	0	0	0	0	0	0	0	0	0	1428	0	3929	2037	23995	0	0	0	217669	61064	0	0	232	0	114261	159	0	0	0	0	0	0	0	0	5571	1860	0	0	10634	22972	959	0	0	0	1547	784	0	0	2024	0	0	0	0	0	0	187736	0	0	0	0	0	98	367	2168	735	0
TAFIRI-2020.07.24-RUF25-A	978	0	0	0	0	0	0	0	0	0	1289	0	841	2509	14263	0	0	0	119014	33605	0	0	0	0	49240	0	0	0	0	0	0	0	0	0	753	470	0	0	3027	8957	65	0	0	0	181	378	0	0	1615	0	0	0	0	0	0	137881	0	120	161	0	0	0	14	755	174	0
TAFIRI-2020.07.24-RUF25-A	4617	0	0	0	0	0	0	2673	0	0	745	0	5202	3850	26927	0	0	0	267342	85822	0	0	0	0	174070	3	0	0	0	0	0	0	0	0	8223	2187	0	0	7269	29778	1205	0	0	0	559	393	0	0	1231	0	0	0	0	0	0	252290	0	82	417	89	1	0	29	758	153	0
TAFIRI-2020.07.24-RUF26-A	3292	0	0	0	0	0	0	0	0	0	0	0	34334	15202	1793	0	0	0	3982	7597	0	0	0	8870	35290	0	0	0	0	0	0	0	0	0	286	0	0	0	5127	8227	2987	692	0	0	77990	0	0	0	2639	0	0	0	0	0	0	75271	0	1671	29525	0	0	15425	343	813	2	0
TAFIRI-2020.07.24-RUF26-A	3576	0	0	0	0	0	0	0	0	0	0	4718	39710	2114	0	0	0	0	17182	12680	0	0	0	6563	21525	1746	0	0	0	0	0	0	0	0	1007	1526	0	0	16677	920	0	0	0	0	44708	0	0	0	2126	0	0	0	0	0	0	46281	0	0	28230	0	0	26112	742	2248	0	0
TAFIRI-2020.07.24-RUF26-A	8525	0	0	0	0	0	0	0	0	0	0	0	28066	12913	0	0	0	0	6371	21934	0	0	0	3359	5079	0	0	0	0	0	0	0	0	0	2671	0	0	0	1257	9785	0	0	0	0	31004	0	0	0	0	0	0	0	0	0	0	21089	0	1629	29547	0	0	28961	1582	795	0	0
TAFIRI-2020.07.24-RUF27-A	0	0	0	0	0	0	0	197	0	0	27	0	0	0	0	0	0	0	0	81	0	0	55	0	2	0	0	0	0	0	0	0	0	0	0	11	0	0	0	0	0	0	0	0	0	0	0	0	0	0	0	0	0	0	0	75	0	0	0	122	0	0	0	0	1	0
TAFIRI-2020.07.24-RUF27-A	0	0	0	0	0	0	0	955	0	0	0	0	0	0	0	0	0	0	58	2203	84	0	564	0	66	0	0	0	0	0	0	0	0	0	2	36	0	0	23	82	0	0	0	0	0	0	0	0	0	72	0	0	0	0	0	203	0	0	0	125	0	0	0	1	48	0
TAFIRI-2020.07.24-RUF27-A	0	0	0	0	0	0	0	15326	0	0	0	0	0	3	1	0	0	0	0	6185	1322	0	2667	0	1480	0	0	0	0	0	0	0	0	1	312	0	0	1	1	1	1	0	0	0	0	0	0	0	0	0	0	0	0	0	0	5804	0	0	0	0	0	0	0	0	451	0
TAFIRI-2020.07.24-RUF28-A	215	0	0	0	0	0	0	2584	0	0	229	0	682	26595	157292	174	0	0	150134	106520	366	0	922	946	9704	0	0	0	0	0	0	0	0	0	619	1157	0	0	656	99527	4912	0	0	102	154364	0	0	0	1162	27	0	0	0	0	0	180119	1	356	372293	178	0	1345	201	10626	1358	0
TAFIRI-2020.07.24-RUF28-A	124	0	0	0	0	0	0	2036	0	0	168	0	464	21291	131572	137	0	0	133918	90363	85	0	606	654	6737	0	0	0	0	0	0	0	0	0	301	873	0	0	737	81279	3742	0	0	113	132592	0	0	0	602	1	0	0	0	0	0	162748	0	318	319291	193	1	971	111	10500	980	0
TAFIRI-2020.07.24-RUF28-A	400	0	0	0	0	0	0	2694	0	0	553	0	806	26553	152983	19	0	0	142557	108992	76	0	1508	699	14717	0	0	0	0	0	0	0	0	0	841	1292	0	0	622	99879	5695	0	0	367	143884	0	0	0	1408	154	0	0	0	0	0	156497	0	796	327692	730	1	1791	136	5152	704	0
TAFIRI-2020.07.25-RUF29-A	9	0	0	0	0	0	0	0	0	0	0	0	102	420	0	0	0	0	1740	539	0	0	0	0	271	0	0	0	0	0	0	0	0	0	38	40	0	0	184	437	21	25	0	0	614	0	0	0	0	0	0	7	0	0	0	1723	0	35	643	52	0	47	1	24	0	0
TAFIRI-2020.07.25-RUF29-A	304	0	0	0	0	0	0	1	0	0	0	0	3723	3622	0	0	0	0	6648	8639	0	0	0	978	5192	0	0	0	0	0	0	0	0	0	492	0	0	0	1600	2524	1271	0	0	0	4287	0	0	0	1033	0	0	0	0	848	0	20223	0	0	9081	0	0	1773	235	389	0	0
TAFIRI-2020.07.25-RUF29-A	13	0	0	10	0	0	0	0	0	0	0	0	79	83	0	0	0	0	228	134	0	0	0	24	95	0	0	0	0	0	0	0	0	6	6	0	0	0	24	37	0	0	0	0	124	0	0	0	0	0	0	0	0	0	0	791	0	0	147	0	0	38	25	21	0	0
TAFIRI-2020.07.25-RUF29-B	0	0	0	0	0	0	0	0	0	0	0	0	2504	499	0	0	0	0	1584	0	0	0	0	0	1085	0	0	0	0	0	0	0	0	0	159	735	0	0	1093	0	1050	0	0	0	5163	0	0	0	0	0	0	0	0	0	0	5071	1	0	3326	0	0	332	10	21	0	0
TAFIRI-2020.07.25-RUF29-B	0	0	0	0	0	0	0	1	0	0	0	0	583	447	0	0	0	0	970	1804	0	0	0	2158	518	735	0	0	0	0	0	0	0	0	1	457	0	1	730	545	236	0	0	0	1672	0	0	0	0	0	0	0	0	0	0	3653	0	0	2997	1	0	0	10	8	0	0
TAFIRI-2020.07.25-RUF29-B	0	0	0	0	0	0	0	0	0	0	0	0	3017	833	0	0	0	0	2155	2200	0	0	0	584	1445	0	0	0	0	0	0	0	0	0	2	0	0	0	1407	1330	1	282	0	0	4725	0	0	0	279	0	0	0	0	0	0	1247	1	0	2045	0	0	288	12	74	0	0
TAFIRI-2020.07.25-RUF29-C	0	0	0	0	0	0	0	0	0	0	0	1647	2015	3525	0	0	0	0	2021	427	0	0	0	0	6434	0	0	0	1	0	0	0	0	0	1314	1552	0	0	7538	5344	1024	0	0	0	12008	0	0	0	0	625	0	0	0	0	0	24233	0	0	11760	0	0	1495	43	295	0	0
TAFIRI-2020.07.25-RUF29-C	2196	0	0	0	0	0	0	0	0	0	0	1699	16021	5050	1	0	0	0	9458	8100	0	0	0	631	4513	0	0	0	0	0	0	0	0	0	2	0	0	0	6354	6205	1551	0	0	0	9437	0	0	0	1065	0	0	0	0	0	0	16455	0	0	11692	0	0	2269	156	312	0	1739
TAFIRI-2020.07.25-RUF29-C	437	0	0	0	0	0	0	0	0	0	0	0	414	5520	0	0	0	0	1532	554	0	0	0	1542	204	0	0	0	0	0	0	0	0	0	0	0	0	0	1285	275	0	0	0	0	1357	0	0	0	3	0	0	0	0	0	0	5704	0	0	10240	0	0	19	17	28	0	0
TAFIRI-2020.07.25-RUF30-A	136	0	0	0	0	0	0	0	0	0	0	110	43	247	937	373	0	0	125417	8979	0	0	0	0	113	0	0	0	0	0	0	0	2857	1	881	437	0	176	70	7718	4205	0	0	190	55	0	1	0	0	0	0	0	0	0	0	120526	0	68	338	0	0	938	5	201	1	0
TAFIRI-2020.07.25-RUF30-A	0	0	0	0	0	0	0	0	0	0	0	0	52	414	498	317	0	0	65963	4136	0	0	0	0	0	0	0	0	1	0	0	0	1054	63	386	271	0	32	182	4426	3028	0	0	135	0	0	0	0	0	0	0	0	0	0	0	78669	0	0	64	0	0	523	3	48	17	0
TAFIRI-2020.07.25-RUF30-A	0	0	1	0	0	0	0	19	0	0	17	0	50	439	433	0	0	0	30573	1839	0	0	0	0	0	0	0	0	0	0	0	0	591	28	181	74	0	0	58	3076	2040	0	0	0	0	0	0	0	0	0	0	0	0	0	0	26865	0	0	0	0	0	350	0	26	0	0
TAFIRI-2020.07.25-RUF31-A	3161	0	0	0	0	0	0	0	0	0	19	0	0	871	175	0	0	0	212998	4372	1	0	0	0	29002	0	0	0	0	0	0	0	2	0	64	0	0	2	10671	490	0	0	1	2	0	0	0	0	0	2	0	0	0	0	0	22994	0	12	1	0	0	85	0	19	12	0
TAFIRI-2020.07.25-RUF31-A	3288	0	0	0	0	0	0	0	0	0	100	0	0	1911	345	0	0	0	348368	16708	0	0	0	0	58613	0	0	0	0	0	0	0	0	3	78	0	0	5	32991	1278	4	0	0	4	0	0	1	2	0	5	0	0	0	0	0	69397	0	46	0	0	0	159	0	45	29	0
TAFIRI-2020.07.25-RUF31-A	14797	0	0	0	0	0	0	0	0	0	341	0	0	8270	1314	0	1	0	1061619	52236	0	0	0	0	173538	0	0	0	0	0	0	0	1	0	239	5	1	21	110678	3719	2	1	1	11	1	0	0	4	0	10	0	0	0	0	0	208444	0	96	0	0	0	588	0	565	274	0
TAFIRI-2020.07.25-RUF32-A	0	0	0	0	0	0	0	24620	0	0	19037	0	0	0	4937	0	0	0	163	26970	95	2147	829	0	0	0	0	0	0	0	0	0	70	0	917	0	0	0	0	0	5	0	2	428	86	45	0	0	0	2457	0	0	0	47845	0	81391	0	0	1652	204	1	0	0	0	0	0
TAFIRI-2020.07.25-RUF32-A	0	0	0	0	0	0	0	25108	0	0	51190	0	0	0	2728	0	0	0	237	33387	352	493	252	0	0	0	0	0	0	0	0	0	20	0	261	0	0	0	63	0	1	0	0	389	277	592	0	0	0	650	0	0	0	53896	0	103620	0	0	1272	0	1	0	0	0	0	0
TAFIRI-2020.07.25-RUF32-A	0	0	0	0	0	0	0	28297	0	0	63222	0	0	0	3169	0	1	0	1169	32018	285	838	282	0	0	0	0	0	1	0	0	0	39	32	1375	0	0	59	0	0	2	0	0	349	258	560	0	0	0	2006	0	0	0	59225	0	106733	0	0	2009	243	0	0	0	0	0	0